Timestamp,BATTERY_PROPERTY_CURRENT_NOW,EXTRA_VOLTAGE,BATTERY_PROPERTY_CURRENT_AVERAGE,BATTERY_PROPERTY_CHARGE_COUNTER,BATTERY_PROPERTY_CAPACITY
1700743215615,9460,4446,13427,4169000,100
1700743215719,9460,4446,13427,4169000,100
1700743215824,9460,4446,13427,4169000,100
1700743215927,9460,4446,13427,4169000,100
1700743216034,9460,4446,13427,4169000,100
1700743216138,9460,4446,13427,4169000,100
1700743216244,9460,4446,13427,4169000,100
1700743216350,9460,4446,13427,4169000,100
1700743216454,9460,4446,13427,4169000,100
1700743216558,9460,4446,13427,4169000,100
1700743216662,9460,4446,13427,4169000,100
1700743216767,9460,4446,13427,4169000,100
1700743216876,9460,4446,13427,4169000,100
1700743216981,9460,4446,13427,4169000,100
1700743217085,9460,4446,13427,4169000,100
1700743217190,9460,4446,13427,4169000,100
1700743217294,9460,4446,13427,4169000,100
1700743217400,9460,4446,13427,4169000,100
1700743217507,9460,4446,13427,4169000,100
1700743217614,9460,4446,13427,4169000,100
1700743217721,9460,4446,13427,4169000,100
1700743217827,9460,4446,13427,4169000,100
1700743217932,9460,4446,13427,4169000,100
1700743218050,9460,4446,13427,4169000,100
1700743218156,9460,4446,13427,4169000,100
1700743218269,9460,4446,13427,4169000,100
1700743218375,9460,4446,13427,4169000,100
1700743218482,9460,4446,13427,4169000,100
1700743218591,9460,4446,13427,4169000,100
1700743218701,9460,4446,13427,4169000,100
1700743218818,9460,4446,13427,4169000,100
1700743218932,9460,4446,13427,4169000,100
1700743219038,9460,4446,13427,4169000,100
1700743219161,9460,4446,13427,4169000,100
1700743219267,9460,4446,13427,4169000,100
1700743219378,9460,4446,13427,4169000,100
1700743219485,9460,4446,13427,4169000,100
1700743219594,9460,4446,13427,4169000,100
1700743219702,9460,4446,13427,4169000,100
1700743219812,9460,4446,13427,4169000,100
1700743219917,9460,4446,13427,4169000,100
1700743220021,9460,4446,13427,4169000,100
1700743220125,9460,4446,13427,4169000,100
1700743220238,9460,4446,13427,4169000,100
1700743220351,9460,4446,13427,4169000,100
1700743220461,9460,4446,13427,4169000,100
1700743220571,9460,4446,13427,4169000,100
1700743220684,9460,4446,13427,4169000,100
1700743220790,9460,4446,13427,4169000,100
1700743220904,9460,4446,13427,4169000,100
1700743221020,9460,4446,13427,4169000,100
1700743221132,9460,4446,13427,4169000,100
1700743221238,9460,4446,13427,4169000,100
1700743221347,9460,4446,13427,4169000,100
1700743221454,9460,4446,13427,4169000,100
1700743221561,9460,4446,13427,4169000,100
1700743221678,9460,4446,13427,4169000,100
1700743221784,9460,4446,13427,4169000,100
1700743221891,9460,4446,13427,4169000,100
1700743222001,9460,4446,13427,4169000,100
1700743222107,9460,4446,13427,4169000,100
1700743222212,9460,4446,13427,4169000,100
1700743222324,9460,4446,13427,4169000,100
1700743222429,9460,4446,13427,4169000,100
1700743222536,9460,4446,13427,4169000,100
1700743222642,9460,4446,13427,4169000,100
1700743222750,9460,4446,13427,4169000,100
1700743222858,9460,4446,13427,4169000,100
1700743222963,9460,4446,13427,4169000,100
1700743223068,9460,4446,13427,4169000,100
1700743223181,9460,4446,13427,4169000,100
1700743223287,9460,4446,13427,4169000,100
1700743223395,9460,4446,13427,4169000,100
1700743223507,9460,4446,13427,4169000,100
1700743223614,9460,4446,13427,4169000,100
1700743223721,9460,4446,13427,4169000,100
1700743223830,9460,4446,13427,4169000,100
1700743223938,9460,4446,13427,4169000,100
1700743224045,9460,4446,13427,4169000,100
1700743224151,9460,4446,13427,4169000,100
1700743224256,9460,4446,13427,4169000,100
1700743224361,9460,4446,13427,4169000,100
1700743224467,9460,4446,13427,4169000,100
1700743224574,9460,4446,13427,4169000,100
1700743224680,9460,4446,13427,4169000,100
1700743224788,9460,4446,13427,4169000,100
1700743224893,9460,4446,13427,4169000,100
1700743225002,9460,4446,13427,4169000,100
1700743225107,9460,4446,13427,4169000,100
1700743225211,9460,4446,13427,4169000,100
1700743225316,9460,4446,13427,4169000,100
1700743225422,9460,4446,13427,4169000,100
1700743225527,9460,4446,13427,4169000,100
1700743225631,9460,4446,13427,4169000,100
1700743225738,9460,4446,13427,4169000,100
1700743225843,9460,4446,13427,4169000,100
1700743225948,9460,4446,13427,4169000,100
1700743226056,9460,4446,13427,4169000,100
1700743226162,9460,4446,13427,4169000,100
1700743226271,9460,4446,13427,4169000,100
1700743226375,9460,4446,13427,4169000,100
1700743226482,9460,4446,13427,4169000,100
1700743226588,9460,4446,13427,4169000,100
1700743226694,9460,4446,13427,4169000,100
1700743226799,9460,4446,13427,4169000,100
1700743226904,9460,4446,13427,4169000,100
1700743227009,9460,4446,13427,4169000,100
1700743227113,9460,4446,13427,4169000,100
1700743227217,9460,4446,13427,4169000,100
1700743227322,9460,4446,13427,4169000,100
1700743227428,9460,4446,13427,4169000,100
1700743227535,9460,4446,13427,4169000,100
1700743227640,9460,4446,13427,4169000,100
1700743227747,9460,4446,13427,4169000,100
1700743227850,9460,4446,13427,4169000,100
1700743227954,9460,4446,13427,4169000,100
1700743228060,9460,4446,13427,4169000,100
1700743228167,9460,4446,13427,4169000,100
1700743228273,9460,4446,13427,4169000,100
1700743228376,9460,4446,13427,4169000,100
1700743228480,9460,4446,13427,4169000,100
1700743228586,9460,4446,13427,4169000,100
1700743228691,9460,4446,13427,4169000,100
1700743228796,9460,4446,13427,4169000,100
1700743228904,9460,4446,13427,4169000,100
1700743229009,11291,4446,13427,4169000,100
1700743229113,11291,4446,13427,4169000,100
1700743229217,11291,4446,13427,4169000,100
1700743229323,11291,4446,13427,4169000,100
1700743229428,11291,4446,13427,4169000,100
1700743229534,11291,4446,13427,4169000,100
1700743229638,11291,4446,13427,4169000,100
1700743229743,11291,4446,13427,4169000,100
1700743229847,11291,4446,13427,4169000,100
1700743229951,11291,4446,13427,4169000,100
1700743230057,11291,4446,13427,4169000,100
1700743230160,11291,4446,13427,4169000,100
1700743230265,11291,4446,13427,4169000,100
1700743230370,11291,4446,13427,4169000,100
1700743230476,11291,4446,13427,4169000,100
1700743230582,11291,4446,13427,4169000,100
1700743230686,11291,4446,13427,4169000,100
1700743230791,11291,4446,13427,4169000,100
1700743230897,11291,4446,13427,4169000,100
1700743231000,11291,4446,13427,4169000,100
1700743231104,11291,4446,13427,4169000,100
1700743231208,11291,4446,13427,4169000,100
1700743231312,11291,4446,13427,4169000,100
1700743231416,11291,4446,13427,4169000,100
1700743231521,11291,4446,13427,4169000,100
1700743231625,11291,4446,13427,4169000,100
1700743231730,11291,4446,13427,4169000,100
1700743231835,11291,4446,13427,4169000,100
1700743231940,11291,4446,13427,4169000,100
1700743232047,11291,4446,13427,4169000,100
1700743232151,11291,4446,13427,4169000,100
1700743232254,11291,4446,13427,4169000,100
1700743232359,11291,4446,13427,4169000,100
1700743232463,11291,4446,13427,4169000,100
1700743232569,11291,4446,13427,4169000,100
1700743232673,11291,4446,13427,4169000,100
1700743232777,11291,4446,13427,4169000,100
1700743232880,11291,4446,13427,4169000,100
1700743232984,11291,4446,13427,4169000,100
1700743233089,11291,4446,13427,4169000,100
1700743233191,11291,4446,13427,4169000,100
1700743233295,11291,4446,13427,4169000,100
1700743233399,11291,4446,13427,4169000,100
1700743233505,11291,4446,13427,4169000,100
1700743233609,11291,4446,13427,4169000,100
1700743233715,11291,4446,13427,4169000,100
1700743233820,11291,4446,13427,4169000,100
1700743233924,11291,4446,13427,4169000,100
1700743234029,11291,4446,13427,4169000,100
1700743234133,11291,4446,13427,4169000,100
1700743234239,11291,4446,13427,4169000,100
1700743234343,11291,4446,13427,4169000,100
1700743234448,11291,4446,13427,4169000,100
1700743234554,11291,4446,13427,4169000,100
1700743234659,11291,4446,13427,4169000,100
1700743234764,11291,4446,13427,4169000,100
1700743234868,11291,4446,13427,4169000,100
1700743234971,11291,4446,13427,4169000,100
1700743235076,11291,4446,13427,4169000,100
1700743235180,11291,4446,13427,4169000,100
1700743235284,11291,4446,13427,4169000,100
1700743235389,11291,4446,13427,4169000,100
1700743235493,11291,4446,13427,4169000,100
1700743235597,11291,4446,13427,4169000,100
1700743235702,11291,4446,13427,4169000,100
1700743235806,11291,4446,13427,4169000,100
1700743235911,11291,4446,13427,4169000,100
1700743236020,11291,4446,13427,4169000,100
1700743236126,11291,4446,13427,4169000,100
1700743236230,11291,4446,13427,4169000,100
1700743236335,11291,4446,13427,4169000,100
1700743236440,11291,4446,13427,4169000,100
1700743236545,11291,4446,13427,4169000,100
1700743236650,11291,4446,13427,4169000,100
1700743236754,11291,4446,13427,4169000,100
1700743236858,11291,4446,13427,4169000,100
1700743236964,11291,4446,13427,4169000,100
1700743237068,11291,4446,13427,4169000,100
1700743237172,11291,4446,13427,4169000,100
1700743237279,11291,4446,13427,4169000,100
1700743237384,11291,4446,13427,4169000,100
1700743237488,11291,4446,13427,4169000,100
1700743237593,11291,4446,13427,4169000,100
1700743237699,11291,4446,13427,4169000,100
1700743237803,11291,4446,13427,4169000,100
1700743237910,11291,4446,13427,4169000,100
1700743238015,11291,4446,13427,4169000,100
1700743238121,11291,4446,13427,4169000,100
1700743238225,11291,4446,13427,4169000,100
1700743238329,11291,4446,13427,4169000,100
1700743238434,11291,4446,13427,4169000,100
1700743238539,11291,4446,13427,4169000,100
1700743238644,11291,4446,13427,4169000,100
1700743238750,11291,4446,13427,4169000,100
1700743238855,11291,4446,13427,4169000,100
1700743238960,11291,4446,13427,4169000,100
1700743239064,11291,4446,13427,4169000,100
1700743239168,11291,4446,13427,4169000,100
1700743239273,11291,4446,13427,4169000,100
1700743239379,11291,4446,13427,4169000,100
1700743239484,11291,4446,13427,4169000,100
1700743239589,11291,4446,13427,4169000,100
1700743239693,11291,4446,13427,4169000,100
1700743239799,11291,4446,13427,4169000,100
1700743239906,11291,4446,13427,4169000,100
1700743240011,11291,4446,13427,4169000,100
1700743240116,11291,4446,13427,4169000,100
1700743240220,11291,4446,13427,4169000,100
1700743240324,11291,4446,13427,4169000,100
1700743240429,11291,4446,13427,4169000,100
1700743240533,11291,4446,13427,4169000,100
1700743240638,11291,4446,13427,4169000,100
1700743240743,11291,4446,13427,4169000,100
1700743240848,11291,4446,13427,4169000,100
1700743240952,11291,4446,13427,4169000,100
1700743241057,11291,4446,13427,4169000,100
1700743241162,11291,4446,13427,4169000,100
1700743241266,11291,4446,13427,4169000,100
1700743241370,11291,4446,13427,4169000,100
1700743241475,11291,4446,13427,4169000,100
1700743241580,11291,4446,13427,4169000,100
1700743241686,11291,4446,13427,4169000,100
1700743241790,11291,4446,13427,4169000,100
1700743241894,11291,4446,13427,4169000,100
1700743242000,11291,4446,13427,4169000,100
1700743242103,11291,4446,13427,4169000,100
1700743242207,11291,4446,13427,4169000,100
1700743242311,11291,4446,13427,4169000,100
1700743242416,11291,4446,13427,4169000,100
1700743242523,11291,4446,13427,4169000,100
1700743242628,11291,4446,13427,4169000,100
1700743242732,11291,4446,13427,4169000,100
1700743242838,11291,4446,13427,4169000,100
1700743242943,11291,4446,13427,4169000,100
1700743243049,11291,4446,13427,4169000,100
1700743243154,11291,4446,13427,4169000,100
1700743243259,11291,4446,13427,4169000,100
1700743243364,11291,4446,13427,4169000,100
1700743243469,11291,4446,13427,4169000,100
1700743243573,11291,4446,13427,4169000,100
1700743243678,11291,4446,13427,4169000,100
1700743243782,11291,4446,13427,4169000,100
1700743243887,11291,4446,13427,4169000,100
1700743243991,11291,4446,13427,4169000,100
1700743244095,11291,4446,13427,4169000,100
1700743244200,11291,4446,13427,4169000,100
1700743244306,11291,4446,13427,4169000,100
1700743244410,11291,4446,13427,4169000,100
1700743244514,11291,4446,13427,4169000,100
1700743244618,11291,4446,13427,4169000,100
1700743244723,11291,4446,13427,4169000,100
1700743244827,11291,4446,13427,4169000,100
1700743244931,11291,4446,13427,4169000,100
1700743245038,15258,4446,13427,4169000,100
1700743245151,15258,4446,13427,4169000,100
1700743245257,15258,4446,13427,4169000,100
1700743245363,15258,4446,13427,4169000,100
1700743245466,15258,4446,13427,4169000,100
1700743245571,15258,4446,13427,4169000,100
1700743245676,15258,4446,13427,4169000,100
1700743245783,15258,4446,13427,4169000,100
1700743245890,15258,4446,13427,4169000,100
1700743245996,15258,4446,13427,4169000,100
1700743246100,15258,4446,13427,4169000,100
1700743246204,15258,4446,13427,4169000,100
1700743246311,15258,4446,13427,4169000,100
1700743246420,15258,4446,13427,4169000,100
1700743246527,15258,4446,13427,4169000,100
1700743246633,15258,4446,13427,4169000,100
1700743246742,15258,4446,13427,4169000,100
1700743246852,15258,4446,13427,4169000,100
1700743246958,15258,4446,13427,4169000,100
1700743247063,15258,4446,13427,4169000,100
1700743247167,15258,4446,13427,4169000,100
1700743247273,15258,4446,13427,4169000,100
1700743247379,15258,4446,13427,4169000,100
1700743247487,15258,4446,13427,4169000,100
1700743247594,15258,4446,13427,4169000,100
1700743247701,15258,4446,13427,4169000,100
1700743247807,15258,4446,13427,4169000,100
1700743247919,15258,4446,13427,4169000,100
1700743248026,15258,4446,13427,4169000,100
1700743248133,15258,4446,13427,4169000,100
1700743248240,15258,4446,13427,4169000,100
1700743248349,15258,4446,13427,4169000,100
1700743248454,15258,4446,13427,4169000,100
1700743248559,15258,4446,13427,4169000,100
1700743248664,15258,4446,13427,4169000,100
1700743248771,15258,4446,13427,4169000,100
1700743248877,15258,4446,13427,4169000,100
1700743248981,15258,4446,13427,4169000,100
1700743249085,15258,4446,13427,4169000,100
1700743249189,15258,4446,13427,4169000,100
1700743249295,15258,4446,13427,4169000,100
1700743249401,15258,4446,13427,4169000,100
1700743249508,15258,4446,13427,4169000,100
1700743249615,15258,4446,13427,4169000,100
1700743249721,15258,4446,13427,4169000,100
1700743249826,15258,4446,13427,4169000,100
1700743249931,15258,4446,13427,4169000,100
1700743250033,15258,4446,13427,4169000,100
1700743250137,15258,4446,13427,4169000,100
1700743250241,15258,4446,13427,4169000,100
1700743250349,15258,4446,13427,4169000,100
1700743250454,15258,4446,13427,4169000,100
1700743250560,15258,4446,13427,4169000,100
1700743250667,15258,4446,13427,4169000,100
1700743250772,15258,4446,13427,4169000,100
1700743250880,15258,4446,13427,4169000,100
1700743250986,15258,4446,13427,4169000,100
1700743251093,15258,4446,13427,4169000,100
1700743251199,15258,4446,13427,4169000,100
1700743251304,15258,4446,13427,4169000,100
1700743251408,15258,4446,13427,4169000,100
1700743251514,15258,4446,13427,4169000,100
1700743251620,15258,4446,13427,4169000,100
1700743251726,15258,4446,13427,4169000,100
1700743251832,15258,4446,13427,4169000,100
1700743251937,15258,4446,13427,4169000,100
1700743252044,15258,4446,13427,4169000,100
1700743252151,15258,4446,13427,4169000,100
1700743252258,15258,4446,13427,4169000,100
1700743252364,15258,4446,13427,4169000,100
1700743252472,15258,4446,13427,4169000,100
1700743252578,15258,4446,13427,4169000,100
1700743252687,15258,4446,13427,4169000,100
1700743252791,15258,4446,13427,4169000,100
1700743252896,15258,4446,13427,4169000,100
1700743253001,15258,4446,13427,4169000,100
1700743253107,15258,4446,13427,4169000,100
1700743253215,15258,4446,13427,4169000,100
1700743253321,15258,4446,13427,4169000,100
1700743253428,15258,4446,13427,4169000,100
1700743253535,15258,4446,13427,4169000,100
1700743253641,15258,4446,13427,4169000,100
1700743253747,15258,4446,13427,4169000,100
1700743253852,15258,4446,13427,4169000,100
1700743253958,15258,4446,13427,4169000,100
1700743254063,15258,4446,13427,4169000,100
1700743254168,15258,4446,13427,4169000,100
1700743254273,15258,4446,13427,4169000,100
1700743254379,15258,4446,13427,4169000,100
1700743254486,15258,4446,13427,4169000,100
1700743254593,15258,4446,13427,4169000,100
1700743254700,15258,4446,13427,4169000,100
1700743254809,15258,4446,13427,4169000,100
1700743254915,15258,4446,13427,4169000,100
1700743255022,15258,4446,13427,4169000,100
1700743255129,15258,4446,13427,4169000,100
1700743255235,15258,4446,13427,4169000,100
1700743255342,15258,4446,13427,4169000,100
1700743255449,15258,4446,13427,4169000,100
1700743255559,15258,4446,13427,4169000,100
1700743255664,15258,4446,13427,4169000,100
1700743255770,15258,4446,13427,4169000,100
1700743255875,15258,4446,13427,4169000,100
1700743255982,15258,4446,13427,4169000,100
1700743256088,15258,4446,13427,4169000,100
1700743256195,15258,4446,13427,4169000,100
1700743256302,15258,4446,13427,4169000,100
1700743256410,15258,4446,13427,4169000,100
1700743256516,15258,4446,13427,4169000,100
1700743256624,15258,4446,13427,4169000,100
1700743256731,15258,4446,13427,4169000,100
1700743256838,15258,4446,13427,4169000,100
1700743256943,15258,4446,13427,4169000,100
1700743257050,15258,4446,13427,4169000,100
1700743257155,15258,4446,13427,4169000,100
1700743257260,15258,4446,13427,4169000,100
1700743257367,15258,4446,13427,4169000,100
1700743257474,15258,4446,13427,4169000,100
1700743257580,15258,4446,13427,4169000,100
1700743257687,15258,4446,13427,4169000,100
1700743257792,15258,4446,13427,4169000,100
1700743257898,15258,4446,13427,4169000,100
1700743258005,15258,4446,13427,4169000,100
1700743258112,15258,4446,13427,4169000,100
1700743258218,15258,4446,13427,4169000,100
1700743258325,15258,4446,13427,4169000,100
1700743258430,15258,4446,13427,4169000,100
1700743258535,15258,4446,13427,4169000,100
1700743258642,15258,4446,13427,4169000,100
1700743258752,15258,4446,13427,4169000,100
1700743258857,15258,4446,13427,4169000,100
1700743258963,15258,4446,13427,4169000,100
1700743259069,15258,4446,13427,4169000,100
1700743259175,15258,4446,13427,4169000,100
1700743259283,15258,4446,13427,4169000,100
1700743259390,15258,4446,13427,4169000,100
1700743259497,15258,4446,13427,4169000,100
1700743259603,15258,4446,13427,4169000,100
1700743259710,15258,4446,13427,4169000,100
1700743259817,15258,4446,13427,4169000,100
1700743259922,15258,4446,13427,4169000,100
1700743260026,15258,4446,13427,4169000,100
1700743260132,15258,4446,13427,4169000,100
1700743260237,15258,4446,13427,4169000,100
1700743260343,15258,4446,13427,4169000,100
1700743260449,15258,4446,13427,4169000,100
1700743260555,15258,4446,13427,4169000,100
1700743260661,15258,4446,13427,4169000,100
1700743260768,15258,4446,13427,4169000,100
1700743260872,15258,4446,13427,4169000,100
1700743260977,11596,4446,13427,4169000,100
1700743261082,11596,4446,13427,4169000,100
1700743261189,11596,4446,13427,4169000,100
1700743261298,11596,4446,13427,4169000,100
1700743261404,11596,4446,13427,4169000,100
1700743261510,11596,4446,13427,4169000,100
1700743261616,11596,4446,13427,4169000,100
1700743261723,11596,4446,13427,4169000,100
1700743261829,11596,4446,13427,4169000,100
1700743261935,11596,4446,13427,4169000,100
1700743262041,11596,4446,13427,4169000,100
1700743262148,11596,4446,13427,4169000,100
1700743262254,11596,4446,13427,4169000,100
1700743262360,11596,4446,13427,4169000,100
1700743262467,11596,4446,13427,4169000,100
1700743262575,11596,4446,13427,4169000,100
1700743262680,11596,4446,13427,4169000,100
1700743262784,11596,4446,13427,4169000,100
1700743262889,11596,4446,13427,4169000,100
1700743262994,11596,4446,13427,4169000,100
1700743263100,11596,4446,13427,4169000,100
1700743263206,11596,4446,13427,4169000,100
1700743263311,11596,4446,13427,4169000,100
1700743263417,11596,4446,13427,4169000,100
1700743263526,11596,4446,13427,4169000,100
1700743263632,11596,4446,13427,4169000,100
1700743263738,11596,4446,13427,4169000,100
1700743263843,11596,4446,13427,4169000,100
1700743263954,11596,4446,13427,4169000,100
1700743264063,11596,4446,13427,4169000,100
1700743264168,11596,4446,13427,4169000,100
1700743264274,11596,4446,13427,4169000,100
1700743264380,11596,4446,13427,4169000,100
1700743264486,11596,4446,13427,4169000,100
1700743264592,11596,4446,13427,4169000,100
1700743264699,11596,4446,13427,4169000,100
1700743264807,11596,4446,13427,4169000,100
1700743264912,11596,4446,13427,4169000,100
1700743265018,11596,4446,13427,4169000,100
1700743265124,11596,4446,13427,4169000,100
1700743265231,11596,4446,13427,4169000,100
1700743265337,11596,4446,13427,4169000,100
1700743265444,11596,4446,13427,4169000,100
1700743265548,11596,4446,13427,4169000,100
1700743265655,11596,4446,13427,4169000,100
1700743265759,11596,4446,13427,4169000,100
1700743265864,11596,4446,13427,4169000,100
1700743265969,11596,4446,13427,4169000,100
1700743266073,11596,4446,13427,4169000,100
1700743266179,11596,4446,13427,4169000,100
1700743266287,11596,4446,13427,4169000,100
1700743266393,11596,4446,13427,4169000,100
1700743266500,11596,4446,13427,4169000,100
1700743266606,11596,4446,13427,4169000,100
1700743266712,11596,4446,13427,4169000,100
1700743266817,11596,4446,13427,4169000,100
1700743266923,11596,4446,13427,4169000,100
1700743267027,11596,4446,13427,4169000,100
1700743267135,11596,4446,13427,4169000,100
1700743267239,11596,4446,13427,4169000,100
1700743267345,11596,4446,13427,4169000,100
1700743267450,11596,4446,13427,4169000,100
1700743267557,11596,4446,13427,4169000,100
1700743267663,11596,4446,13427,4169000,100
1700743267769,11596,4446,13427,4169000,100
1700743267874,11596,4446,13427,4169000,100
1700743267980,11596,4446,13427,4169000,100
1700743268085,11596,4446,13427,4169000,100
1700743268190,11596,4446,13427,4169000,100
1700743268296,11596,4446,13427,4169000,100
1700743268402,11596,4446,13427,4169000,100
1700743268507,11596,4446,13427,4169000,100
1700743268612,11596,4446,13427,4169000,100
1700743268720,11596,4446,13427,4169000,100
1700743268825,11596,4446,13427,4169000,100
1700743268930,11596,4446,13427,4169000,100
1700743269036,11596,4446,13427,4169000,100
1700743269142,11596,4446,13427,4169000,100
1700743269248,11596,4446,13427,4169000,100
1700743269354,11596,4446,13427,4169000,100
1700743269461,11596,4446,13427,4169000,100
1700743269566,11596,4446,13427,4169000,100
1700743269672,11596,4446,13427,4169000,100
1700743269778,11596,4446,13427,4169000,100
1700743269883,11596,4446,13427,4169000,100
1700743269987,11596,4446,13427,4169000,100
1700743270093,11596,4446,13427,4169000,100
1700743270199,11596,4446,13427,4169000,100
1700743270307,11596,4446,13427,4169000,100
1700743270412,11596,4446,13427,4169000,100
1700743270521,11596,4446,13427,4169000,100
1700743270627,11596,4446,13427,4169000,100
1700743270733,11596,4446,13427,4169000,100
1700743270839,11596,4446,13427,4169000,100
1700743270944,11596,4446,13427,4169000,100
1700743271049,11596,4446,13427,4169000,100
1700743271157,11596,4446,13427,4169000,100
1700743271262,11596,4446,13427,4169000,100
1700743271367,11596,4446,13427,4169000,100
1700743271475,11596,4446,13427,4169000,100
1700743271580,11596,4446,13427,4169000,100
1700743271689,11596,4446,13427,4169000,100
1700743271796,11596,4446,13427,4169000,100
1700743271903,11596,4446,13427,4169000,100
1700743272008,11596,4446,13427,4169000,100
1700743272115,11596,4446,13427,4169000,100
1700743272222,11596,4446,13427,4169000,100
1700743272327,11596,4446,13427,4169000,100
1700743272433,11596,4446,13427,4169000,100
1700743272539,11596,4446,13427,4169000,100
1700743272647,11596,4446,13427,4169000,100
1700743272752,11596,4446,13427,4169000,100
1700743272858,11596,4446,13427,4169000,100
1700743272966,11596,4446,13427,4169000,100
1700743273071,11596,4446,13427,4169000,100
1700743273176,11596,4446,13427,4169000,100
1700743273282,11596,4446,13427,4169000,100
1700743273388,11596,4446,13427,4169000,100
1700743273497,11596,4446,13427,4169000,100
1700743273604,11596,4446,13427,4169000,100
1700743273709,11596,4446,13427,4169000,100
1700743273814,11596,4446,13427,4169000,100
1700743273923,11596,4446,13427,4169000,100
1700743274027,11596,4446,13427,4169000,100
1700743274131,11596,4446,13427,4169000,100
1700743274237,11596,4446,13427,4169000,100
1700743274346,11596,4446,13427,4169000,100
1700743274452,11596,4446,13427,4169000,100
1700743274558,11596,4446,13427,4169000,100
1700743274665,11596,4446,13427,4169000,100
1700743274771,11596,4446,13427,4169000,100
1700743274880,11596,4446,13427,4169000,100
1700743274984,11596,4446,13427,4169000,100
1700743275090,11596,4446,13427,4169000,100
1700743275197,11596,4446,13427,4169000,100
1700743275306,11596,4446,13427,4169000,100
1700743275412,11596,4446,13427,4169000,100
1700743275518,11596,4446,13427,4169000,100
1700743275624,11596,4446,13427,4169000,100
1700743275729,11596,4446,13427,4169000,100
1700743275835,11596,4446,13427,4169000,100
1700743275941,11596,4446,13427,4169000,100
1700743276047,11596,4446,13427,4169000,100
1700743276154,11596,4446,13427,4169000,100
1700743276259,11596,4446,13427,4169000,100
1700743276365,11596,4446,13427,4169000,100
1700743276469,11596,4446,13427,4169000,100
1700743276574,11596,4446,13427,4169000,100
1700743276678,11596,4446,13427,4169000,100
1700743276784,11596,4446,13427,4169000,100
1700743276889,11596,4446,13427,4169000,100
1700743276997,12207,4446,13427,4169000,100
1700743277102,12207,4446,13427,4169000,100
1700743277208,12207,4446,13427,4169000,100
1700743277323,12207,4446,13427,4169000,100
1700743277427,12207,4446,13427,4169000,100
1700743277530,12207,4446,13427,4169000,100
1700743277635,12207,4446,13427,4169000,100
1700743277741,12207,4446,13427,4169000,100
1700743277845,12207,4446,13427,4169000,100
1700743277949,12207,4446,13427,4169000,100
1700743278054,12207,4446,13427,4169000,100
1700743278158,12207,4446,13427,4169000,100
1700743278264,12207,4446,13427,4169000,100
1700743278369,12207,4446,13427,4169000,100
1700743278473,12207,4446,13427,4169000,100
1700743278578,12207,4446,13427,4169000,100
1700743278684,12207,4446,13427,4169000,100
1700743278789,12207,4446,13427,4169000,100
1700743278894,12207,4446,13427,4169000,100
1700743278999,12207,4446,13427,4169000,100
1700743279104,12207,4446,13427,4169000,100
1700743279209,12207,4446,13427,4169000,100
1700743279314,12207,4446,13427,4169000,100
1700743279419,12207,4446,13427,4169000,100
1700743279524,12207,4446,13427,4169000,100
1700743279628,12207,4446,13427,4169000,100
1700743279736,12207,4446,13427,4169000,100
1700743279845,12207,4446,13427,4169000,100
1700743279955,12207,4446,13427,4169000,100
1700743280065,12207,4446,13427,4169000,100
1700743280170,12207,4446,13427,4169000,100
1700743280275,12207,4446,13427,4169000,100
1700743280380,12207,4446,13427,4169000,100
1700743280486,12207,4446,13427,4169000,100
1700743280599,12207,4446,13427,4169000,100
1700743280709,12207,4446,13427,4169000,100
1700743280818,12207,4446,13427,4169000,100
1700743280928,12207,4446,13427,4169000,100
1700743281032,12207,4446,13427,4169000,100
1700743281138,12207,4446,13427,4169000,100
1700743281243,12207,4446,13427,4169000,100
1700743281347,12207,4446,13427,4169000,100
1700743281453,12207,4446,13427,4169000,100
1700743281559,12207,4446,13427,4169000,100
1700743281664,12207,4446,13427,4169000,100
1700743281768,12207,4446,13427,4169000,100
1700743281873,12207,4446,13427,4169000,100
1700743281978,12207,4446,13427,4169000,100
1700743282083,12207,4446,13427,4169000,100
1700743282188,12207,4446,13427,4169000,100
1700743282292,12207,4446,13427,4169000,100
1700743282397,12207,4446,13427,4169000,100
1700743282502,12207,4446,13427,4169000,100
1700743282607,12207,4446,13427,4169000,100
1700743282712,12207,4446,13427,4169000,100
1700743282821,12207,4446,13427,4169000,100
1700743282930,12207,4446,13427,4169000,100
1700743283041,12207,4446,13427,4169000,100
1700743283152,12207,4446,13427,4169000,100
1700743283257,12207,4446,13427,4169000,100
1700743283362,12207,4446,13427,4169000,100
1700743283466,12207,4446,13427,4169000,100
1700743283571,12207,4446,13427,4169000,100
1700743283676,12207,4446,13427,4169000,100
1700743283780,12207,4446,13427,4169000,100
1700743283885,12207,4446,13427,4169000,100
1700743283990,12207,4446,13427,4169000,100
1700743284095,12207,4446,13427,4169000,100
1700743284207,12207,4446,13427,4169000,100
1700743284317,12207,4446,13427,4169000,100
1700743284431,12207,4446,13427,4169000,100
1700743284540,12207,4446,13427,4169000,100
1700743284650,12207,4446,13427,4169000,100
1700743284759,12207,4446,13427,4169000,100
1700743284867,12207,4446,13427,4169000,100
1700743284977,12207,4446,13427,4169000,100
1700743285088,12207,4446,13427,4169000,100
1700743285199,12207,4446,13427,4169000,100
1700743285314,12207,4446,13427,4169000,100
1700743285420,12207,4446,13427,4169000,100
1700743285525,12207,4446,13427,4169000,100
1700743285630,12207,4446,13427,4169000,100
1700743285735,12207,4446,13427,4169000,100
1700743285843,12207,4446,13427,4169000,100
1700743285950,12207,4446,13427,4169000,100
1700743286062,12207,4446,13427,4169000,100
1700743286171,12207,4446,13427,4169000,100
1700743286280,12207,4446,13427,4169000,100
1700743286394,12207,4446,13427,4169000,100
1700743286503,12207,4446,13427,4169000,100
1700743286614,12207,4446,13427,4169000,100
1700743286725,12207,4446,13427,4169000,100
1700743286839,12207,4446,13427,4169000,100
1700743286948,12207,4446,13427,4169000,100
1700743287055,12207,4446,13427,4169000,100
1700743287164,12207,4446,13427,4169000,100
1700743287269,12207,4446,13427,4169000,100
1700743287373,12207,4446,13427,4169000,100
1700743287483,12207,4446,13427,4169000,100
1700743287594,12207,4446,13427,4169000,100
1700743287708,12207,4446,13427,4169000,100
1700743287822,12207,4446,13427,4169000,100
1700743287932,12207,4446,13427,4169000,100
1700743288042,12207,4446,13427,4169000,100
1700743288152,12207,4446,13427,4169000,100
1700743288261,12207,4446,13427,4169000,100
1700743288371,12207,4446,13427,4169000,100
1700743288482,12207,4446,13427,4169000,100
1700743288587,12207,4446,13427,4169000,100
1700743288693,12207,4446,13427,4169000,100
1700743288798,12207,4446,13427,4169000,100
1700743288903,12207,4446,13427,4169000,100
1700743289010,12207,4446,13427,4169000,100
1700743289121,12207,4446,13427,4169000,100
1700743289231,12207,4446,13427,4169000,100
1700743289341,12207,4446,13427,4169000,100
1700743289450,12207,4446,13427,4169000,100
1700743289563,12207,4446,13427,4169000,100
1700743289673,12207,4446,13427,4169000,100
1700743289783,12207,4446,13427,4169000,100
1700743289892,12207,4446,13427,4169000,100
1700743290004,12207,4446,13427,4169000,100
1700743290113,12207,4446,13427,4169000,100
1700743290219,12207,4446,13427,4169000,100
1700743290323,12207,4446,13427,4169000,100
1700743290429,12207,4446,13427,4169000,100
1700743290533,12207,4446,13427,4169000,100
1700743290639,12207,4446,13427,4169000,100
1700743290749,12207,4446,13427,4169000,100
1700743290862,12207,4446,13427,4169000,100
1700743290974,12207,4446,13427,4169000,100
1700743291085,12207,4446,13427,4169000,100
1700743291195,12207,4446,13427,4169000,100
1700743291310,12207,4446,13427,4169000,100
1700743291422,12207,4446,13427,4169000,100
1700743291535,12207,4446,13427,4169000,100
1700743291644,12207,4446,13427,4169000,100
1700743291753,12207,4446,13427,4169000,100
1700743291858,12207,4446,13427,4169000,100
1700743291963,12207,4446,13427,4169000,100
1700743292068,12207,4446,13427,4169000,100
1700743292173,12207,4446,13427,4169000,100
1700743292278,12207,4446,13427,4169000,100
1700743292384,12207,4446,13427,4169000,100
1700743292494,12207,4446,13427,4169000,100
1700743292603,12207,4446,13427,4169000,100
1700743292714,12207,4446,13427,4169000,100
1700743292825,12207,4446,13427,4169000,100
1700743292934,8850,4446,13427,4169000,100
1700743293039,8850,4446,13427,4169000,100
1700743293150,8850,4446,13427,4169000,100
1700743293259,8850,4446,13427,4169000,100
1700743293368,8850,4446,13427,4169000,100
1700743293475,8850,4446,13427,4169000,100
1700743293579,8850,4446,13427,4169000,100
1700743293685,8850,4446,13427,4169000,100
1700743293790,8850,4446,13427,4169000,100
1700743293894,8850,4446,13427,4169000,100
1700743294000,8850,4446,13427,4169000,100
1700743294108,8850,4446,13427,4169000,100
1700743294216,8850,4446,13427,4169000,100
1700743294325,8850,4446,13427,4169000,100
1700743294433,8850,4446,13427,4169000,100
1700743294543,8850,4446,13427,4169000,100
1700743294652,8850,4446,13427,4169000,100
1700743294763,8850,4446,13427,4169000,100
1700743294873,8850,4446,13427,4169000,100
1700743294982,8850,4446,13427,4169000,100
1700743295087,8850,4446,13427,4169000,100
1700743295191,8850,4446,13427,4169000,100
1700743295295,8850,4446,13427,4169000,100
1700743295399,8850,4446,13427,4169000,100
1700743295504,8850,4446,13427,4169000,100
1700743295615,8850,4446,13427,4169000,100
1700743295724,8850,4446,13427,4169000,100
1700743295833,8850,4446,13427,4169000,100
1700743295942,8850,4446,13427,4169000,100
1700743296047,8850,4446,13427,4169000,100
1700743296157,8850,4446,13427,4169000,100
1700743296269,8850,4446,13427,4169000,100
1700743296379,8850,4446,13427,4169000,100
1700743296488,8850,4446,13427,4169000,100
1700743296597,8850,4446,13427,4169000,100
1700743296706,8850,4446,13427,4169000,100
1700743296812,8850,4446,13427,4169000,100
1700743296919,8850,4446,13427,4169000,100
1700743297023,8850,4446,13427,4169000,100
1700743297127,8850,4446,13427,4169000,100
1700743297236,8850,4446,13427,4169000,100
1700743297343,8850,4446,13427,4169000,100
1700743297451,8850,4446,13427,4169000,100
1700743297564,8850,4446,13427,4169000,100
1700743297674,8850,4446,13427,4169000,100
1700743297779,8850,4446,13427,4169000,100
1700743297891,8850,4446,13427,4169000,100
1700743298003,8850,4446,13427,4169000,100
1700743298118,8850,4446,13427,4169000,100
1700743298223,8850,4446,13427,4169000,100
1700743298329,8850,4446,13427,4169000,100
1700743298437,8850,4446,13427,4169000,100
1700743298544,8850,4446,13427,4169000,100
1700743298649,8850,4446,13427,4169000,100
1700743298755,8850,4446,13427,4169000,100
1700743298864,8850,4446,13427,4169000,100
1700743298972,8850,4446,13427,4169000,100
1700743299083,8850,4446,13427,4169000,100
1700743299192,8850,4446,13427,4169000,100
1700743299301,8850,4446,13427,4169000,100
1700743299411,8850,4446,13427,4169000,100
1700743299525,8850,4446,13427,4169000,100
1700743299636,8850,4446,13427,4169000,100
1700743299746,8850,4446,13427,4169000,100
1700743299850,8850,4446,13427,4169000,100
1700743299962,8850,4446,13427,4169000,100
1700743300067,8850,4446,13427,4169000,100
1700743300171,8850,4446,13427,4169000,100
1700743300278,8850,4446,13427,4169000,100
1700743300385,8850,4446,13427,4169000,100
1700743300495,8850,4446,13427,4169000,100
1700743300605,8850,4446,13427,4169000,100
1700743300719,8850,4446,13427,4169000,100
1700743300829,8850,4446,13427,4169000,100
1700743300941,8850,4446,13427,4169000,100
1700743301049,8850,4446,13427,4169000,100
1700743301160,8850,4446,13427,4169000,100
1700743301270,8850,4446,13427,4169000,100
1700743301380,8850,4446,13427,4169000,100
1700743301488,8850,4446,13427,4169000,100
1700743301594,8850,4446,13427,4169000,100
1700743301699,8850,4446,13427,4169000,100
1700743301804,8850,4446,13427,4169000,100
1700743301908,8850,4446,13427,4169000,100
1700743302013,8850,4446,13427,4169000,100
1700743302119,8850,4446,13427,4169000,100
1700743302228,8850,4446,13427,4169000,100
1700743302338,8850,4446,13427,4169000,100
1700743302446,8850,4446,13427,4169000,100
1700743302556,8850,4446,13427,4169000,100
1700743302667,8850,4446,13427,4169000,100
1700743302779,8850,4446,13427,4169000,100
1700743302890,8850,4446,13427,4169000,100
1700743303002,8850,4446,13427,4169000,100
1700743303115,8850,4446,13427,4169000,100
1700743303221,8850,4446,13427,4169000,100
1700743303326,8850,4446,13427,4169000,100
1700743303431,8850,4446,13427,4169000,100
1700743303536,8850,4446,13427,4169000,100
1700743303642,8850,4446,13427,4169000,100
1700743303748,8850,4446,13427,4169000,100
1700743303864,8850,4446,13427,4169000,100
1700743303974,8850,4446,13427,4169000,100
1700743304085,8850,4446,13427,4169000,100
1700743304195,8850,4446,13427,4169000,100
1700743304305,8850,4446,13427,4169000,100
1700743304416,8850,4446,13427,4169000,100
1700743304529,8850,4446,13427,4169000,100
1700743304639,8850,4446,13427,4169000,100
1700743304750,8850,4446,13427,4169000,100
1700743304861,8850,4446,13427,4169000,100
1700743304969,8850,4446,13427,4169000,100
1700743305076,8850,4446,13427,4169000,100
1700743305181,8850,4446,13427,4169000,100
1700743305287,8850,4446,13427,4169000,100
1700743305399,8850,4446,13427,4169000,100
1700743305509,8850,4446,13427,4169000,100
1700743305619,8850,4446,13427,4169000,100
1700743305729,8850,4446,13427,4169000,100
1700743305838,8850,4446,13427,4169000,100
1700743305947,8850,4446,13427,4169000,100
1700743306052,8850,4446,13427,4169000,100
1700743306165,8850,4446,13427,4169000,100
1700743306275,8850,4446,13427,4169000,100
1700743306385,8850,4446,13427,4169000,100
1700743306490,8850,4446,13427,4169000,100
1700743306598,8850,4446,13427,4169000,100
1700743306706,8850,4446,13427,4169000,100
1700743306811,8850,4446,13427,4169000,100
1700743306918,8850,4446,13427,4169000,100
1700743307027,8850,4446,13427,4169000,100
1700743307137,8850,4446,13427,4169000,100
1700743307247,8850,4446,13427,4169000,100
1700743307356,8850,4446,13427,4169000,100
1700743307465,8850,4446,13427,4169000,100
1700743307575,8850,4446,13427,4169000,100
1700743307685,8850,4446,13427,4169000,100
1700743307796,8850,4446,13427,4169000,100
1700743307908,8850,4446,13427,4169000,100
1700743308018,8850,4446,13427,4169000,100
1700743308122,8850,4446,13427,4169000,100
1700743308227,8850,4446,13427,4169000,100
1700743308332,8850,4446,13427,4169000,100
1700743308437,8850,4446,13427,4169000,100
1700743308542,8850,4446,13427,4169000,100
1700743308653,8850,4446,13427,4169000,100
1700743308762,8850,4446,13427,4169000,100
1700743308873,8850,4446,13427,4169000,100
1700743308982,9155,4446,13427,4169000,100
1700743309093,9155,4446,13427,4169000,100
1700743309204,9155,4446,13427,4169000,100
1700743309313,9155,4446,13427,4169000,100
1700743309421,9155,4446,13427,4169000,100
1700743309533,9155,4446,13427,4169000,100
1700743309643,9155,4446,13427,4169000,100
1700743309748,9155,4446,13427,4169000,100
1700743309854,9155,4446,13427,4169000,100
1700743309958,9155,4446,13427,4169000,100
1700743310063,9155,4446,13427,4169000,100
1700743310168,9155,4446,13427,4169000,100
1700743310276,9155,4446,13427,4169000,100
1700743310383,9155,4446,13427,4169000,100
1700743310491,9155,4446,13427,4169000,100
1700743310597,9155,4446,13427,4169000,100
1700743310709,9155,4446,13427,4169000,100
1700743310823,9155,4446,13427,4169000,100
1700743310932,9155,4446,13427,4169000,100
1700743311042,9155,4446,13427,4169000,100
1700743311154,9155,4446,13427,4169000,100
1700743311264,9155,4446,13427,4169000,100
1700743311370,9155,4446,13427,4169000,100
1700743311474,9155,4446,13427,4169000,100
1700743311580,9155,4446,13427,4169000,100
1700743311684,9155,4446,13427,4169000,100
1700743311789,9155,4446,13427,4169000,100
1700743311897,9155,4446,13427,4169000,100
1700743312007,9155,4446,13427,4169000,100
1700743312117,9155,4446,13427,4169000,100
1700743312227,9155,4446,13427,4169000,100
1700743312339,9155,4446,13427,4169000,100
1700743312449,9155,4446,13427,4169000,100
1700743312558,9155,4446,13427,4169000,100
1700743312668,9155,4446,13427,4169000,100
1700743312778,9155,4446,13427,4169000,100
1700743312888,9155,4446,13427,4169000,100
1700743312999,9155,4446,13427,4169000,100
1700743313104,9155,4446,13427,4169000,100
1700743313208,9155,4446,13427,4169000,100
1700743313316,9155,4446,13427,4169000,100
1700743313422,9155,4446,13427,4169000,100
1700743313527,9155,4446,13427,4169000,100
1700743313635,9155,4446,13427,4169000,100
1700743313744,9155,4446,13427,4169000,100
1700743313850,9155,4446,13427,4169000,100
1700743313958,9155,4446,13427,4169000,100
1700743314063,9155,4446,13427,4169000,100
1700743314174,9155,4446,13427,4169000,100
1700743314283,9155,4446,13427,4169000,100
1700743314398,9155,4446,13427,4169000,100
1700743314508,9155,4446,13427,4169000,100
1700743314618,9155,4446,13427,4169000,100
1700743314726,9155,4446,13427,4169000,100
1700743314831,9155,4446,13427,4169000,100
1700743314935,9155,4446,13427,4169000,100
1700743315042,9155,4446,13427,4169000,100
1700743315147,9155,4446,13427,4169000,100
1700743315256,9155,4446,13427,4169000,100
1700743315367,9155,4446,13427,4169000,100
1700743315476,9155,4446,13427,4169000,100
1700743315586,9155,4446,13427,4169000,100
1700743315695,9155,4446,13427,4169000,100
1700743315806,9155,4446,13427,4169000,100
1700743315915,9155,4446,13427,4169000,100
1700743316025,9155,4446,13427,4169000,100
1700743316137,9155,4446,13427,4169000,100
1700743316247,9155,4446,13427,4169000,100
1700743316352,9155,4446,13427,4169000,100
1700743316456,9155,4446,13427,4169000,100
1700743316561,9155,4446,13427,4169000,100
1700743316666,9155,4446,13427,4169000,100
1700743316771,9155,4446,13427,4169000,100
1700743316880,9155,4446,13427,4169000,100
1700743316988,9155,4446,13427,4169000,100
1700743317094,9155,4446,13427,4169000,100
1700743317205,9155,4446,13427,4169000,100
1700743317314,9155,4446,13427,4169000,100
1700743317425,9155,4446,13427,4169000,100
1700743317535,9155,4446,13427,4169000,100
1700743317645,9155,4446,13427,4169000,100
1700743317755,9155,4446,13427,4169000,100
1700743317864,9155,4446,13427,4169000,100
1700743317975,9155,4446,13427,4169000,100
1700743318080,9155,4446,13427,4169000,100
1700743318185,9155,4446,13427,4169000,100
1700743318290,9155,4446,13427,4169000,100
1700743318398,9155,4446,13427,4169000,100
1700743318509,9155,4446,13427,4169000,100
1700743318619,9155,4446,13427,4169000,100
1700743318729,9155,4446,13427,4169000,100
1700743318839,9155,4446,13427,4169000,100
1700743318951,9155,4446,13427,4169000,100
1700743319063,9155,4446,13427,4169000,100
1700743319175,9155,4446,13427,4169000,100
1700743319284,9155,4446,13427,4169000,100
1700743319393,9155,4446,13427,4169000,100
1700743319506,9155,4446,13427,4169000,100
1700743319614,9155,4446,13427,4169000,100
1700743319721,9155,4446,13427,4169000,100
1700743319828,9155,4446,13427,4169000,100
1700743319933,9155,4446,13427,4169000,100
1700743320038,9155,4446,13427,4169000,100
1700743320148,9155,4446,13427,4169000,100
1700743320257,9155,4446,13427,4169000,100
1700743320368,9155,4446,13427,4169000,100
1700743320478,9155,4446,13427,4169000,100
1700743320587,9155,4446,13427,4169000,100
1700743320696,9155,4446,13427,4169000,100
1700743320806,9155,4446,13427,4169000,100
1700743320916,9155,4446,13427,4169000,100
1700743321025,9155,4446,13427,4169000,100
1700743321131,9155,4446,13427,4169000,100
1700743321237,9155,4446,13427,4169000,100
1700743321345,9155,4446,13427,4169000,100
1700743321453,9155,4446,13427,4169000,100
1700743321558,9155,4446,13427,4169000,100
1700743321667,9155,4446,13427,4169000,100
1700743321775,9155,4446,13427,4169000,100
1700743321883,9155,4446,13427,4169000,100
1700743321991,9155,4446,13427,4169000,100
1700743322097,9155,4446,13427,4169000,100
1700743322209,9155,4446,13427,4169000,100
1700743322319,9155,4446,13427,4169000,100
1700743322428,9155,4446,13427,4169000,100
1700743322537,9155,4446,13427,4169000,100
1700743322647,9155,4446,13427,4169000,100
1700743322758,9155,4446,13427,4169000,100
1700743322865,9155,4446,13427,4169000,100
1700743322972,9155,4446,13427,4169000,100
1700743323077,9155,4446,13427,4169000,100
1700743323182,9155,4446,13427,4169000,100
1700743323293,9155,4446,13427,4169000,100
1700743323404,9155,4446,13427,4169000,100
1700743323515,9155,4446,13427,4169000,100
1700743323625,9155,4446,13427,4169000,100
1700743323734,9155,4446,13427,4169000,100
1700743323842,9155,4446,13427,4169000,100
1700743323953,9155,4446,13427,4169000,100
1700743324063,9155,4446,13427,4169000,100
1700743324175,9155,4446,13427,4169000,100
1700743324286,9155,4446,13427,4169000,100
1700743324395,9155,4446,13427,4169000,100
1700743324500,9155,4446,13427,4169000,100
1700743324607,9155,4446,13427,4169000,100
1700743324715,9155,4446,13427,4169000,100
1700743324820,9155,4446,13427,4169000,100
1700743324928,9155,4446,13427,4169000,100
1700743325037,9155,4446,13427,4169000,100
1700743325146,9155,4446,13427,4169000,100
1700743325255,9155,4446,13427,4169000,100
1700743325367,9155,4446,13427,4169000,100
1700743325476,9155,4446,13427,4169000,100
1700743325585,9155,4446,13427,4169000,100
1700743325694,9155,4446,13427,4169000,100
1700743325804,9155,4446,13427,4169000,100
1700743325914,9155,4446,13427,4169000,100
1700743326022,9155,4446,13427,4169000,100
1700743326127,9155,4446,13427,4169000,100
1700743326233,9155,4446,13427,4169000,100
1700743326338,9155,4446,13427,4169000,100
1700743326442,9155,4446,13427,4169000,100
1700743326549,9155,4446,13427,4169000,100
1700743326660,9155,4446,13427,4169000,100
1700743326769,9155,4446,13427,4169000,100
1700743326878,9155,4446,13427,4169000,100
1700743326987,9155,4446,13427,4169000,100
1700743327093,9155,4446,13427,4169000,100
1700743327201,9155,4446,13427,4169000,100
1700743327309,9155,4446,13427,4169000,100
1700743327417,9155,4446,13427,4169000,100
1700743327526,9155,4446,13427,4169000,100
1700743327635,9155,4446,13427,4169000,100
1700743327740,9155,4446,13427,4169000,100
1700743327845,9155,4446,13427,4169000,100
1700743327950,9155,4446,13427,4169000,100
1700743328054,9155,4446,13427,4169000,100
1700743328167,9155,4446,13427,4169000,100
1700743328279,9155,4446,13427,4169000,100
1700743328388,9155,4446,13427,4169000,100
1700743328496,9155,4446,13427,4169000,100
1700743328605,9155,4446,13427,4169000,100
1700743328715,9155,4446,13427,4169000,100
1700743328824,9155,4446,13427,4169000,100
1700743328933,9155,4446,13427,4169000,100
1700743329044,9155,4446,13427,4169000,100
1700743329155,9155,4446,13427,4169000,100
1700743329264,9155,4446,13427,4169000,100
1700743329375,9155,4446,13427,4169000,100
1700743329481,9155,4446,13427,4169000,100
1700743329587,9155,4446,13427,4169000,100
1700743329693,9155,4446,13427,4169000,100
1700743329798,9155,4446,13427,4169000,100
1700743329908,9155,4446,13427,4169000,100
1700743330019,9155,4446,13427,4169000,100
1700743330129,9155,4446,13427,4169000,100
1700743330240,9155,4446,13427,4169000,100
1700743330349,9155,4446,13427,4169000,100
1700743330458,9155,4446,13427,4169000,100
1700743330567,9155,4446,13427,4169000,100
1700743330677,9155,4446,13427,4169000,100
1700743330788,9155,4446,13427,4169000,100
1700743330897,9155,4446,13427,4169000,100
1700743331002,9155,4446,13427,4169000,100
1700743331107,9155,4446,13427,4169000,100
1700743331214,9155,4446,13427,4169000,100
1700743331318,9155,4446,13427,4169000,100
1700743331428,9155,4446,13427,4169000,100
1700743331541,9155,4446,13427,4169000,100
1700743331651,9155,4446,13427,4169000,100
1700743331761,9155,4446,13427,4169000,100
1700743331870,9155,4446,13427,4169000,100
1700743331979,9155,4446,13427,4169000,100
1700743332086,9155,4446,13427,4169000,100
1700743332198,9155,4446,13427,4169000,100
1700743332309,9155,4446,13427,4169000,100
1700743332419,9155,4446,13427,4169000,100
1700743332527,9155,4446,13427,4169000,100
1700743332631,9155,4446,13427,4169000,100
1700743332735,9155,4446,13427,4169000,100
1700743332839,9155,4446,13427,4169000,100
1700743332943,9155,4446,13427,4169000,100
1700743333047,9155,4446,13427,4169000,100
1700743333156,9155,4446,13427,4169000,100
1700743333263,9155,4446,13427,4169000,100
1700743333371,9155,4446,13427,4169000,100
1700743333480,9155,4446,13427,4169000,100
1700743333591,9155,4446,13427,4169000,100
1700743333703,9155,4446,13427,4169000,100
1700743333808,9155,4446,13427,4169000,100
1700743333920,9155,4446,13427,4169000,100
1700743334031,9155,4446,13427,4169000,100
1700743334142,9155,4446,13427,4169000,100
1700743334252,9155,4446,13427,4169000,100
1700743334358,9155,4446,13427,4169000,100
1700743334465,9155,4446,13427,4169000,100
1700743334572,9155,4446,13427,4169000,100
1700743334678,9155,4446,13427,4169000,100
1700743334783,9155,4446,13427,4169000,100
1700743334891,9155,4446,13427,4169000,100
1700743334999,9155,4446,13427,4169000,100
1700743335104,9155,4446,13427,4169000,100
1700743335212,9155,4446,13427,4169000,100
1700743335320,9155,4446,13427,4169000,100
1700743335428,9155,4446,13427,4169000,100
1700743335536,9155,4446,13427,4169000,100
1700743335644,9155,4446,13427,4169000,100
1700743335753,9155,4446,13427,4169000,100
1700743335863,9155,4446,13427,4169000,100
1700743335970,9155,4446,13427,4169000,100
1700743336075,9155,4446,13427,4169000,100
1700743336181,9155,4446,13427,4169000,100
1700743336286,9155,4446,13427,4169000,100
1700743336391,9155,4446,13427,4169000,100
1700743336496,9155,4446,13427,4169000,100
1700743336604,9155,4446,13427,4169000,100
1700743336711,9155,4446,13427,4169000,100
1700743336822,9155,4446,13427,4169000,100
1700743336932,9155,4446,13427,4169000,100
1700743337041,9155,4446,13427,4169000,100
1700743337147,9155,4446,13427,4169000,100
1700743337261,9155,4446,13427,4169000,100
1700743337371,9155,4446,13427,4169000,100
1700743337480,9155,4446,13427,4169000,100
1700743337586,9155,4446,13427,4169000,100
1700743337698,9155,4446,13427,4169000,100
1700743337804,9155,4446,13427,4169000,100
1700743337910,9155,4446,13427,4169000,100
1700743338018,9155,4446,13427,4169000,100
1700743338123,9155,4446,13427,4169000,100
1700743338230,9155,4446,13427,4169000,100
1700743338340,9155,4446,13427,4169000,100
1700743338450,9155,4446,13427,4169000,100
1700743338559,9155,4446,13427,4169000,100
1700743338668,9155,4446,13427,4169000,100
1700743338777,9155,4446,13427,4169000,100
1700743338886,9155,4446,13427,4169000,100
1700743338994,9155,4446,13427,4169000,100
1700743339105,9155,4446,13427,4169000,100
1700743339218,9155,4446,13427,4169000,100
1700743339330,9155,4446,13427,4169000,100
1700743339438,9155,4446,13427,4169000,100
1700743339546,9155,4446,13427,4169000,100
1700743339653,9155,4446,13427,4169000,100
1700743339758,9155,4446,13427,4169000,100
1700743339863,9155,4446,13427,4169000,100
1700743339971,9155,4446,13427,4169000,100
1700743340079,9155,4446,13427,4169000,100
1700743340191,9155,4446,13427,4169000,100
1700743340301,9155,4446,13427,4169000,100
1700743340413,9155,4446,13427,4169000,100
1700743340525,9155,4446,13427,4169000,100
1700743340636,9155,4446,13427,4169000,100
1700743340747,9155,4446,13427,4169000,100
1700743340856,9155,4446,13427,4169000,100
1700743340962,7324,4446,13427,4169000,100
1700743341067,7324,4446,13427,4169000,100
1700743341172,7324,4446,13427,4169000,100
1700743341278,7324,4446,13427,4169000,100
1700743341383,7324,4446,13427,4169000,100
1700743341488,7324,4446,13427,4169000,100
1700743341594,7324,4446,13427,4169000,100
1700743341703,7324,4446,13427,4169000,100
1700743341813,7324,4446,13427,4169000,100
1700743341921,7324,4446,13427,4169000,100
1700743342030,7324,4446,13427,4169000,100
1700743342135,7324,4446,13427,4169000,100
1700743342247,7324,4446,13427,4169000,100
1700743342357,7324,4446,13427,4169000,100
1700743342465,7324,4446,13427,4169000,100
1700743342575,7324,4446,13427,4169000,100
1700743342681,7324,4446,13427,4169000,100
1700743342785,7324,4446,13427,4169000,100
1700743342890,7324,4446,13427,4169000,100
1700743342996,7324,4446,13427,4169000,100
1700743343101,7324,4446,13427,4169000,100
1700743343210,7324,4446,13427,4169000,100
1700743343320,7324,4446,13427,4169000,100
1700743343429,7324,4446,13427,4169000,100
1700743343538,7324,4446,13427,4169000,100
1700743343649,7324,4446,13427,4169000,100
1700743343758,7324,4446,13427,4169000,100
1700743343867,7324,4446,13427,4169000,100
1700743343976,7324,4446,13427,4169000,100
1700743344086,7324,4446,13427,4169000,100
1700743344199,7324,4446,13427,4169000,100
1700743344304,7324,4446,13427,4169000,100
1700743344410,7324,4446,13427,4169000,100
1700743344516,7324,4446,13427,4169000,100
1700743344621,7324,4446,13427,4169000,100
1700743344726,7324,4446,13427,4169000,100
1700743344831,7324,4446,13427,4169000,100
1700743344941,7324,4446,13427,4169000,100
1700743345050,7324,4446,13427,4169000,100
1700743345155,7324,4446,13427,4169000,100
1700743345265,7324,4446,13427,4169000,100
1700743345373,7324,4446,13427,4169000,100
1700743345481,7324,4446,13427,4169000,100
1700743345589,7324,4446,13427,4169000,100
1700743345700,7324,4446,13427,4169000,100
1700743345808,7324,4446,13427,4169000,100
1700743345919,7324,4446,13427,4169000,100
1700743346025,7324,4446,13427,4169000,100
1700743346131,7324,4446,13427,4169000,100
1700743346238,7324,4446,13427,4169000,100
1700743346344,7324,4446,13427,4169000,100
1700743346448,7324,4446,13427,4169000,100
1700743346555,7324,4446,13427,4169000,100
